        1 0.0488288 0.0204656
        2 0.0725736 0.0491548
        3 0.0793134 0.0857172
        4 0.0927218  0.123997
        5   0.10627  0.190167
        6  0.124959  0.237682
        7  0.148884  0.325903
        8  0.151545  0.408799
        9  0.177812   0.51283
       10  0.201052  0.669778
       11  0.225142  0.796314
       12  0.242054  0.944571
       13  0.278299   1.11147
       14  0.310036   1.30853
       15    0.3328   1.63078
       16  0.374708   1.77082
       17  0.417457   2.10011
       18  0.444986   2.33649
       19   0.48703   2.64232
       20  0.521899   3.10877
